version https://git-lfs.github.com/spec/v1
oid sha256:96e19dc7be1590e2594f8b1cd07f7368881c38351d0d7668373d274063b952ed
size 5224181
